2010   38.281251    0.026122    4% Est.
2009   36.808893    0.027167    4% Est.
2008   35.393166    0.028254    4% Est.
2007   34.031901    0.029384    4% Est.
2006   32.722966    0.030560    4% Est.
2005   31.464394    0.031782    4% Est.
2004   30.254238    0.033053    4% Est.
2003   29.090598    0.034375    4% Est.
2002   27.971744    0.035750    4% Est.
2001   26.895896    0.037180    4% Est.
2000   25.861441    0.038668    4% Est.
1999   24.866766    0.040214    4% Est.
1998   23.910360    0.041823    4% Est.
1997   22.990727    0.043496    4% Est.
1996   22.106473    0.045236    4% Est.
1995   21.256220    0.047045    4% Est.
1994   20.438675    0.048927    4% Est.
1993   19.652578    0.050884    4% Est.
1992   18.896702    0.052919    4% Est.
1991   18.169906    0.055036    4% Est.
1990   17.471064    0.057237    4% Est.
1989   16.799100    0.059527    3.8744%
1988   16.172510    0.061833    3.3218%
1987   15.652561    0.063887    3.1640%
1986   15.172510    0.065909    2.6144%
1985   14.785946    0.067632    2.9715%
1984   14.359266    0.069641    3.6576%
1983   13.852588    0.072189    3.8998%
1982   13.332639    0.075004    6.3831%
1981   12.532666    0.079791    9.6843%
1980   11.426126    0.087519    9.0330%
1979   10.479513    0.095424    8.8650%
1978    9.626153    0.103884    7.2813%
1977    8.972819    0.111448    6.6558%
1976    8.412871    0.118865    6.4073%
1975    7.906295    0.126481    9.8159%
1974    7.199590    0.138897    9.0909%
1973    6.599627    0.151524    6.4509%
1972    6.199691    0.161298    4.7304%
1971    5.919667    0.168928    5.7132%
1970    5.599745    0.178580    5.5272%
1969    5.306449    0.188450    5.5714%
1968    5.026408    0.198949    5.0148%
1967    4.786383    0.208926    2.5719%
1966    4.666370    0.214299    3.5485%
1965    4.506459    0.221904    2.7360%
1964    4.386446    0.227975    1.5423%
1963    4.319821    0.231491    1.5697%
1962    4.253062    0.235125    2.2421%
1961    4.159793    0.240397    0.9709%
1960    4.119794    0.242731    1.6442%
1959    4.053152    0.246722    2.3579%
1958    3.959783    0.252539    2.0623%
1957    3.879769    0.257747    3.5571%
1956    3.746502    0.266916    3.3098%
1955    3.626472    0.275750    3.4226%
1954    3.506459    0.285188    1.5421%
1953    3.453206    0.289586    1.5703%
1952    3.399819    0.294133    1.5948%
1951    3.346448    0.298824    5.0183%
1950    3.186537    0.313820    1.7034%
1949    3.133166    0.319166   -0.4250%
1948    3.146539    0.317810    6.7886%
1947    2.946512    0.339384   13.9149%
1946    2.586591    0.386609   22.7896%
1945    2.106523    0.474716    3.2661%
1944    2.039898    0.490221    1.3234%
1943    2.013254    0.496708    2.7232%
1942    1.959884    0.510234    6.5229%
1941    1.839871    0.543516    6.1527%
1940    1.733230    0.576957    2.3623%
1939    1.693232    0.590587   -1.5482%
1938    1.719858    0.581443   -1.5312%
1937    1.746602    0.572540    3.9669%
1936    1.679960    0.595252    0.0000%
1935    1.679960    0.595252    3.2811%
1934    1.626590    0.614783    8.9328%
1933    1.493205    0.669701   -2.6088%
1932    1.533203    0.652229  -11.5407%
1931    1.733230    0.576957   -8.4517%
1930    1.893242    0.528195   -2.7367%
1929    1.946512    0.513740    0.0000%
1928    1.946512    0.513740   -0.6823%
1927    1.959884    0.510234    0.0000%
1926    1.959884    0.510234   -2.0001%
1925    1.999882    0.500029    0.6731%
1924    1.986510    0.503395    2.0549%
1923    1.946512    0.513740    0.0000%
1922    1.946512    0.513740    2.8137%
1921    1.893242    0.528195   -7.1894%
1920    2.039898    0.490221  -13.0688%
1919    2.346565    0.426155   15.7925%
1918    2.026526    0.493455   14.2845%
1917    1.773229    0.563943   16.6637%
1916    1.519949    0.657917   20.0069%
1915    1.266551    0.789546    9.1939%
1914    1.159911    0.862135    2.3510%
1913    1.133267    0.882404    1.1940%
1912    1.119895    0.892941    1.1977%
1911    1.106641    0.903636    2.4765%
1910    1.079897    0.926015    0.0000%
1909    1.079897    0.926015    3.8464%
1908    1.039898    0.961633    0.0000%
1907    1.039898    0.961633   -2.5073%
1906    1.066642    0.937522    5.2689%
1905    1.013254    0.986919    2.6987%
1904    0.986628    1.013553    0.0000%
1903    0.986628    1.013553    1.3740%
1902    0.973256    1.027479    2.8128%
1901    0.946629    1.056380    1.4328%
1900    0.933257    1.071516    0.0000%
1899    0.933257    1.071516   16.6611%
1898    0.799973    1.250042  -10.4416%
1897    0.893242    1.119518    0.0000%
1896    0.893242    1.119518   -1.4749%
1895    0.906614    1.103005    1.4970%
1894    0.893242    1.119518   -1.4749%
1893    0.906614    1.103005   -5.5612%
1892    0.960001    1.041665    0.0000%
1891    0.960001    1.041665   -1.3619%
1890    0.973256    1.027479    0.0000%
1889    0.973256    1.027479   -2.6744%
1888    1.000000    1.000000    0.0000%
1887    1.000000    1.000000    1.3553%
1886    0.986628    1.013553    1.3740%
1885    0.973256    1.027479   -1.3553%
1884    0.986628    1.013553   -1.3372%
1883    1.000000    1.000000   -5.0576%
1882    1.053270    0.949424   -3.6586%
1881    1.093269    0.914688    2.4963%
1880    1.066642    0.937522    0.0000%
1879    1.066642    0.937522    5.2689%
1878    1.013254    0.986919   -3.7992%
1877    1.053270    0.949424   -5.9492%
1876    1.119895    0.892941   -1.1800%
1875    1.133267    0.882404


YEAR: 1886

2010   38.800089    0.025773    4% Est.
2009   37.307776    0.026804    4% Est.
2008   35.872861    0.027876    4% Est.
2007   34.493147    0.028991    4% Est.
2006   33.166471    0.030151    4% Est.
2005   31.890841    0.031357    4% Est.
2004   30.664283    0.032611    4% Est.
2003   29.484872    0.033916    4% Est.
2002   28.350854    0.035272    4% Est.
2001   27.260425    0.036683    4% Est.
2000   26.211949    0.038151    4% Est.
1999   25.203794    0.039677    4% Est.
1998   24.234425    0.041264    4% Est.
1997   23.302328    0.042914    4% Est.
1996   22.406089    0.044631    4% Est.
1995   21.544312    0.046416    4% Est.
1994   20.715687    0.048273    4% Est.
1993   19.918935    0.050203    4% Est.
1992   19.152815    0.052212    4% Est.
1991   18.416169    0.054300    4% Est.
1990   17.707854    0.056472    4% Est.
1989   17.026783    0.058731    3.8744%
1988   16.391701    0.061006    3.3218%
1987   15.864705    0.063033    3.1640%
1986   15.378148    0.065027    2.6144%
1985   14.986345    0.066727    2.9715%
1984   14.553881    0.068710    3.6576%
1983   14.040336    0.071223    3.8998%
1982   13.513340    0.074001    6.3831%
1981   12.702525    0.078725    9.6843%
1980   11.580988    0.086348    9.0330%
1979   10.621546    0.094148    8.8650%
1978    9.756619    0.102495    7.2813%
1977    9.094431    0.109957    6.6558%
1976    8.526894    0.117276    6.4073%
1975    8.013451    0.124790    9.8159%
1974    7.297168    0.137039    9.0909%
1973    6.689074    0.149498    6.4509%
1972    6.283717    0.159141    4.7304%
1971    5.999898    0.166670    5.7132%
1970    5.675640    0.176192    5.5272%
1969    5.378369    0.185930    5.5714%
1968    5.094533    0.196289    5.0148%
1967    4.851254    0.206132    2.5719%
1966    4.729615    0.211434    3.5485%
1965    4.567537    0.218936    2.7360%
1964    4.445897    0.224926    1.5423%
1963    4.378369    0.228396    1.5697%
1962    4.310705    0.231981    2.2421%
1961    4.216172    0.237182    0.9709%
1960    4.175631    0.239485    1.6442%
1959    4.108086    0.243422    2.3579%
1958    4.013451    0.249162    2.0623%
1957    3.932353    0.254301    3.5571%
1956    3.797279    0.263346    3.3098%
1955    3.675623    0.272063    3.4226%
1954    3.553983    0.281374    1.5421%
1953    3.500009    0.285714    1.5703%
1952    3.445897    0.290200    1.5948%
1951    3.391803    0.294828    5.0183%
1950    3.229725    0.309624    1.7034%
1949    3.175631    0.314898   -0.4250%
1948    3.189185    0.313560    6.7886%
1947    2.986447    0.334846   13.9149%
1946    2.621648    0.381439   22.7896%
1945    2.135073    0.468368    3.2661%
1944    2.067545    0.483665    1.3234%
1943    2.040541    0.490066    2.7232%
1942    1.986447    0.503411    6.5229%
1941    1.864807    0.536248    6.1527%
1940    1.756721    0.569242    2.3623%
1939    1.716181    0.582689   -1.5482%
1938    1.743168    0.573668   -1.5312%
1937    1.770275    0.564884    3.9669%
1936    1.702729    0.587292    0.0000%
1935    1.702729    0.587292    3.2811%
1934    1.648635    0.606562    8.9328%
1933    1.513443    0.660745   -2.6088%
1932    1.553983    0.643508  -11.5407%
1931    1.756721    0.569242   -8.4517%
1930    1.918901    0.521132   -2.7367%
1929    1.972893    0.506870    0.0000%
1928    1.972893    0.506870   -0.6823%
1927    1.986447    0.503411    0.0000%
1926    1.986447    0.503411   -2.0001%
1925    2.026987    0.493343    0.6731%
1924    2.013434    0.496664    2.0549%
1923    1.972893    0.506870    0.0000%
1922    1.972893    0.506870    2.8137%
1921    1.918901    0.521132   -7.1894%
1920    2.067545    0.483665  -13.0688%
1919    2.378369    0.420456   15.7925%
1918    2.053992    0.486857   14.2845%
1917    1.797262    0.556402   16.6637%
1916    1.540549    0.649119   20.0069%
1915    1.283717    0.778988    9.1939%
1914    1.175631    0.850607    2.3510%
1913    1.148627    0.870605    1.1940%
1912    1.135073    0.881000    1.1977%
1911    1.121639    0.891552    2.4765%
1910    1.094533    0.913632    0.0000%
1909    1.094533    0.913632    3.8464%
1908    1.053992    0.948774    0.0000%
1907    1.053992    0.948774   -2.5073%
1906    1.081099    0.924985    5.2689%
1905    1.026987    0.973722    2.6987%
1904    1.000000    1.000000    0.0000%
1903    1.000000    1.000000    1.3740%
1902    0.986447    1.013740    2.8128%
1901    0.959459    1.042254    1.4328%
1900    0.945906    1.057188    0.0000%
1899    0.945906    1.057188   16.6611%
1898    0.810815    1.233326  -10.4416%
1897    0.905348    1.104548    0.0000%
1896    0.905348    1.104548   -1.4749%
1895    0.918901    1.088256    1.4970%
1894    0.905348    1.104548   -1.4749%
1893    0.918901    1.088256   -5.5612%
1892    0.973013    1.027736    0.0000%
1891    0.973013    1.027736   -1.3619%
1890    0.986447    1.013740    0.0000%
1889    0.986447    1.013740   -2.6744%
1888    1.013553    0.986628    0.0000%
1887    1.013553    0.986628    1.3553%
1886    1.000000    1.000000    1.3740%
1885    0.986447    1.013740   -1.3553%
1884    1.000000    1.000000   -1.3372%
1883    1.013553    0.986628   -5.0576%
1882    1.067545    0.936728   -3.6586%
1881    1.108086    0.902457    2.4963%
1880    1.081099    0.924985    0.0000%
1879    1.081099    0.924985    5.2689%
1878    1.026987    0.973722   -3.7992%
1877    1.067545    0.936728   -5.9492%
1876    1.135073    0.881000   -1.1800%
1875    1.148627    0.870605


YEAR: 1885

