2010    9.202682    0.108664    4% Est.
2009    8.848732    0.113011    4% Est.
2008    8.508396    0.117531    4% Est.
2007    8.181153    0.122232    4% Est.
2006    7.866489    0.127122    4% Est.
2005    7.563933    0.132206    4% Est.
2004    7.273015    0.137495    4% Est.
2003    6.993280    0.142994    4% Est.
2002    6.724311    0.148714    4% Est.
2001    6.465681    0.154663    4% Est.
2000    6.217002    0.160849    4% Est.
1999    5.977885    0.167283    4% Est.
1998    5.747969    0.173975    4% Est.
1997    5.526892    0.180934    4% Est.
1996    5.314320    0.188171    4% Est.
1995    5.109922    0.195698    4% Est.
1994    4.913387    0.203526    4% Est.
1993    4.724412    0.211667    4% Est.
1992    4.542703    0.220133    4% Est.
1991    4.367983    0.228939    4% Est.
1990    4.199984    0.238096    4% Est.
1989    4.038446    0.247620    3.8744%
1988    3.887816    0.257214    3.3218%
1987    3.762822    0.265758    3.1640%
1986    3.647419    0.274166    2.6144%
1985    3.554491    0.281334    2.9715%
1984    3.451918    0.289694    3.6576%
1983    3.330115    0.300290    3.8998%
1982    3.205121    0.312001    6.3831%
1981    3.012810    0.331916    9.6843%
1980    2.746802    0.364060    9.0330%
1979    2.519239    0.396945    8.8650%
1978    2.314094    0.432135    7.2813%
1977    2.157035    0.463599    6.6558%
1976    2.022425    0.494456    6.4073%
1975    1.900646    0.526137    9.8159%
1974    1.730757    0.577782    9.0909%
1973    1.586528    0.630307    6.4509%
1972    1.490384    0.670968    4.7304%
1971    1.423068    0.702707    5.7132%
1970    1.346159    0.742854    5.5272%
1969    1.275652    0.783913    5.5714%
1968    1.208331    0.827588    5.0148%
1967    1.150630    0.869089    2.5719%
1966    1.121779    0.891441    3.5485%
1965    1.083337    0.923073    2.7360%
1964    1.054487    0.948329    1.5423%
1963    1.038470    0.962955    1.5697%
1962    1.022421    0.978070    2.2421%
1961    1.000000    1.000000    0.9709%
1960    0.990384    1.009709    1.6442%
1959    0.974364    1.026311    2.3579%
1958    0.951918    1.050510    2.0623%
1957    0.932683    1.072175    3.5571%
1956    0.900646    1.110314    3.3098%
1955    0.871791    1.147063    3.4226%
1954    0.842941    1.186323    1.5421%
1953    0.830139    1.204618    1.5703%
1952    0.817305    1.223534    1.5948%
1951    0.804475    1.243047    5.0183%
1950    0.766033    1.305427    1.7034%
1949    0.753202    1.327664   -0.4250%
1948    0.756417    1.322022    6.7886%
1947    0.708331    1.411769   13.9149%
1946    0.621808    1.608214   22.7896%
1945    0.506401    1.974720    3.2661%
1944    0.490384    2.039216    1.3234%
1943    0.483979    2.066203    2.7232%
1942    0.471149    2.122469    6.5229%
1941    0.442299    2.260916    6.1527%
1940    0.416663    2.400023    2.3623%
1939    0.407047    2.456718   -1.5482%
1938    0.413448    2.418684   -1.5312%
1937    0.419877    2.381649    3.9669%
1936    0.403857    2.476126    0.0000%
1935    0.403857    2.476126    3.2811%
1934    0.391027    2.557371    8.9328%
1933    0.358961    2.785816   -2.6088%
1932    0.368577    2.713138  -11.5407%
1931    0.416663    2.400023   -8.4517%
1930    0.455129    2.197180   -2.7367%
1929    0.467935    2.137050    0.0000%
1928    0.467935    2.137050   -0.6823%
1927    0.471149    2.122469    0.0000%
1926    0.471149    2.122469   -2.0001%
1925    0.480765    2.080019    0.6731%
1924    0.477550    2.094020    2.0549%
1923    0.467935    2.137050    0.0000%
1922    0.467935    2.137050    2.8137%
1921    0.455129    2.197180   -7.1894%
1920    0.490384    2.039216  -13.0688%
1919    0.564106    1.772716   15.7925%
1918    0.487170    2.052672   14.2845%
1917    0.426278    2.345886   16.6637%
1916    0.365391    2.736798   20.0069%
1915    0.304475    3.284346    9.1939%
1914    0.278839    3.586305    2.3510%
1913    0.272434    3.670620    1.1940%
1912    0.269219    3.714449    1.1977%
1911    0.266033    3.758937    2.4765%
1910    0.259603    3.852029    0.0000%
1909    0.259603    3.852029    3.8464%
1908    0.249988    4.000194    0.0000%
1907    0.249988    4.000194   -2.5073%
1906    0.256417    3.899896    5.2689%
1905    0.243583    4.105378    2.6987%
1904    0.237182    4.216172    0.0000%
1903    0.237182    4.216172    1.3740%
1902    0.233967    4.274100    2.8128%
1901    0.227566    4.394321    1.4328%
1900    0.224352    4.457285    0.0000%
1899    0.224352    4.457285   16.6611%
1898    0.192311    5.199916  -10.4416%
1897    0.214732    4.656962    0.0000%
1896    0.214732    4.656962   -1.4749%
1895    0.217947    4.588275    1.4970%
1894    0.214732    4.656962   -1.4749%
1893    0.217947    4.588275   -5.5612%
1892    0.230781    4.333112    0.0000%
1891    0.230781    4.333112   -1.3619%
1890    0.233967    4.274100    0.0000%
1889    0.233967    4.274100   -2.6744%
1888    0.240397    4.159793    0.0000%
1887    0.240397    4.159793    1.3553%
1886    0.237182    4.216172    1.3740%
1885    0.233967    4.274100   -1.3553%
1884    0.237182    4.216172   -1.3372%
1883    0.240397    4.159793   -5.0576%
1882    0.253202    3.949408   -3.6586%
1881    0.262818    3.804914    2.4963%
1880    0.256417    3.899896    0.0000%
1879    0.256417    3.899896    5.2689%
1878    0.243583    4.105378   -3.7992%
1877    0.253202    3.949408   -5.9492%
1876    0.269219    3.714449   -1.1800%
1875    0.272434    3.670620


YEAR: 1960

